0
6
7
8
9
15
16
18
19
20
21
22
23
24
25
26
27
28
29
30
31
49
50
58
59
60
61
62
63
71
72
80
82
83
84
85
86
87
88
89
90
91
92
93
94
95
113
123
124
125
126
127
149
151
152
153
154
155
156
157
158
159
176
177
186
187
188
189
190
214
215
216
217
218
219
220
221
222
223
240
247
248
278
279
280
281
282
283
284
285
286
287
310
342
343
344
345
347
348
349
350
351
406
407
408
409
410
411
412
413
414
415
423
424
425
427
428
429
430
431
469
470
471
472
473
474
477
478
479
485
486
487
488
489
490
491
492
493
494
495
533
535
536
538
539
540
541
543
544
545
546
547
548
549
550
551
552
553
555
556
597
598
599
601
602
603
604
605
606
608
609
610
611
613
614
615
616
617
619
666
667
668
669
670
671
674
675
677
680
685
686
689
690
733
734
740
742
749
750
751
752
753
798
799
814
863
927
928
991
993
994
1053
1054
1055
1056
1057
1058
1059
1061
1062
1063
1064
1065
1119
1120
1121
1122
1123
1124
1125
1128
1129
1184
1185
1186
1193
1194
1195
1196
1248
1249
1250
1256
1257
1312
1313
1314
1315
1316
1322
1344
1376
1377
1378
1379
1380
1381
1391
1394
1409
1440
1441
1442
1443
1444
1445
1446
1457
1458
1459
1460
1461
1462
1463
1464
1477
1504
1505
1506
1507
1508
1509
1510
1511
1512
1513
1514
1516
1517
1518
1519
1520
1521
1522
1523
1524
1525
1526
1527
1530
1531
1532
1533
1536
1538
1539
1557
1558
1562
1563
1564
1565
1566
1567
1568
1569
1570
1571
1572
1573
1574
1575
1576
1577
1578
1579
1580
1581
1582
1583
1584
1585
1586
1587
1588
1589
1590
1591
1594
1595
1596
1597
1598
1599
1600
1601
1602
1603
1604
1605
1606
1607
1619
1620
1621
1622
1623
1624
1625
1626
1627
1628
1629
1632
1633
1634
1635
1636
1637
1638
1639
1640
1641
1642
1643
1644
1645
1646
1647
1648
1649
1650
1651
1652
1653
1654
1655
1656
1657
1660
1661
1662
1663
1664
1665
1666
1667
1668
1669
1670
1671
1672
1673
1674
1675
1676
1677
1679
1680
1681
1682
1683
1684
1685
1686
1687
1688
1689
1690
1691
1692
1693
1694
1695
1696
1697
1698
1699
1700
1701
1702
1705
1707
1708
1709
1710
1711
1712
1713
1714
1715
1716
1717
1718
1719
1720
1721
1722
1723
1724
1725
1726
1727
1728
1729
1730
1731
1732
1733
1734
1735
1736
1741
1742
1743
1744
1745
1746
1747
1748
1749
1750
1751
1752
1753
1754
1755
1756
1757
1758
1759
1760
1761
1762
1763
1764
1765
1766
1767
1773
1774
1775
1776
1777
1778
1779
1780
1781
1782
1783
1784
1785
1786
1787
1788
1789
1790
1791
1792
1793
1794
1795
1796
1797
1798
1799
1800
1801
1802
1803
1804
1805
1806
1807
1808
1809
1810
1811
1812
1813
1814
1815
1816
1817
1818
1819
1820
1821
1822
1823
1824
1825
1826
1827
1828
1829
1830
1831
1832
1833
1834
1835
1836
1837
1838
1839
1840
1841
1842
1843
1844
1845
1846
1847
1848
1849
1850
1851
1852
1853
1854
1855
1856
1857
1858
1859
1860
1861
1862
1863
1864
1865
1866
1867
1868
1869
1870
1871
1872
1873
1874
1875
1876
1877
1878
1879
1880
1881
1882
1883
1884
1885
1886
1887
1888
1889
1890
1891
1892
1893
1894
1895
1896
1897
1898
1899
1900
1901
1902
1903
1904
1905
1906
1907
1908
1909
1910
1911
1912
1913
1914
1915
1916
1917
1918
1919
1920
1921
1922
1923
1924
1925
1926
1927
1928
1929
1930
1931
1932
1933
1934
1935
1936
1937
1938
1939
1940
1941
1942
1943
1944
1945
1946
1947
1948
1949
1950
1951
1952
1953
1954
1955
1956
1957
1958
1959
1960
1961
1962
1963
1964
1965
1966
1967
1968
1969
1970
1971
1972
1973
1974
1975
1976
1977
1978
1979
1980
1981
1982
1983
1984
1985
1986
1987
1988
1989
1990
1991
1992
1993
1994
1995
1996
1997
1998
1999
2000
2001
2002
2003
2004
2005
2006
2007
2008
2009
2010
2011
2012
2013
2014
2015
2016
2017
2018
2019
2020
2021
2022
2023
2024
2025
2026
2027
2028
2029
2030
2031
2032
2033
2034
2035
2036
2037
2038
2039
2040
2041
2042
2043
2044
2045
2046
2047